id|site|cap|act
3563770269|25291|50900|E
3563774487|25291|50900|E
3563776666|21503|43900|E
3563776667|21867|43313|E
3563777277|42982|98900|E
3563779155|25528|50900|E
3563779976|16677|33900|E
3563780431|49130|98900|E
3563780794|18828|43900|E
3563781595|32472|73900|E
3563782177|18137|36900|E
3563782971|16615|33771|E
3563783185|36207|72900|E
3563784815|27505|61900|E
3563787561|30912|61605|E
3563787718|21596|43900|E
3563788099|27955|55900|E
3563788573|29761|59900|E
3563789801|27955|55900|E
3563790932|14775|29900|E
3563790935|26466|61314|E
3563790943|18166|36900|E
3563791553|26424|52878|E
3563792998|48659|98900|E
3563793441|35761|72900|E
3563795001|45263|92250|E
3563796321|36217|72900|E
3563800604|32439|65294|E
3563802021|19591|39900|E
3563803288|35529|70900|E
3563804287|27774|55900|E
3563804951|19084|43778|E
3563806191|14301|28900|E
3563807127|24186|47900|E
3563807338|28534|58257|E
3563807561|25384|50703|E
3563809760|27944|55900|E
3563814838|25173|49900|E
3563815801|29910|59900|E
3563818712|25166|49800|E
3563822509|32629|74900|E
3563826158|14165|32643|E
3563827463|24396|48241|E
3563828040|29841|59900|E
3567818572|9924|19900|E
3568200597|24172|47900|E
3569624725|17755|35900|E
3569624730|14920|30207|E
3569624735|29841|59900|E
3569624744|17755|35900|E
3569624747|10129|20405|E
3569624748|14871|29869|E
3569624750|24686|48900|E
3569624756|24244|48685|E
3569624775|25102|49675|E
3569624779|49584|99814|E
3569624786|23245|45900|E
3569624789|25291|50900|E
3569656689|42691|85746|E
3569656697|43839|87900|E
3569656707|40761|81688|E
3569656708|49280|98900|E
3569656714|37360|74900|E
3569656720|43839|87900|E
3569656722|40793|81688|E
3574898929|24792|49674|E
3574898971|35539|70900|E
3574898975|24792|49674|E
3574899028|35539|70900|E
3574899033|25273|50970|E
3646921556|26585|59900|E
3646921560|38221|76934|0
3657517785|58049|115900|E
3657517788|59550|118900|E
3657517789|47132|93900|E
3657517792|45626|90900|E
3657517799|61553|122900|E
3657517823|52540|104900|E
3657517824|48135|95898|E
3657517825|65559|130900|E
3657517829|45626|90900|E
3657517840|40609|80900|E
3657517846|65559|130900|E
3657517849|63557|126900|E
3657517853|56045|111900|E
3657517864|55043|109900|E
3657517872|59550|118900|E
3657517877|45626|90900|E
3657517882|61553|122900|E
3657517888|59550|118900|E
3657517899|59550|118900|E
3657517900|56045|111900|E
3657517902|52540|104900|E
3657517905|47132|93900|E
3657517911|59550|118900|E
3657517912|45626|90900|E
3657517934|45626|90900|E
3657517939|65559|130900|E
3657517946|58049|115900|E
3657517963|40609|80900|E
3657517981|55043|109900|E
3657517983|58049|115900|E
3657517988|52540|104900|E
3657517997|56045|111900|E
3657518001|61553|122900|E
3657518002|63557|126900|E
3657518012|59550|118900|E
3657518027|59550|118900|E
3657518030|44906|89464|E
3657518031|55043|109900|E
3657518049|47132|93900|E
3657518060|45626|90900|E
3657518139|59550|118900|E
3658010742|10994|21900|E
3658010748|10994|21900|E
3658010753|10994|21900|E
3658010754|10994|21900|E
3658010761|10975|21900|E
3658010771|10975|21900|E
3658206678|26695|51900|E
3658206683|30638|60900|E
3658206686|27962|54900|E
3658206696|38961|76900|E
3658206706|30638|60900|E
3658206721|27661|53900|E
3658206722|23649|46190|E
3658206737|38961|76900|E
3658206751|38961|76900|E
3658206757|15508|30900|E
3658206761|24434|47900|E
3658206774|30638|60900|E
3658206790|26322|51730|E
3658249516|4481|7891|E
3658249523|7068|13900|E
3658249556|7612|14900|E
3658249563|4481|7891|E
3658249574|14474|28839|0
3658249575|6154|11900|E
3658249576|17818|35532|E
3658249586|7612|14900|E
3658249587|8990|17900|E
3658249588|11496|22900|E
3659249685|29213|56900|E
3659249873|44084|85900|E
3659251169|26191|51900|E
3659251236|38345|82900|E
3659256583|13807|27900|E
3659257206|42260|91367|E
3659257764|18924|38900|E
3659259933|56288|109839|E
3659260585|61409|119834|E
3659261530|22990|44900|E
3659262161|18924|38900|E
3659262167|39978|77898|E
3659262747|49727|96900|E
3659263052|56319|109900|E
3659264182|45109|87900|E
3659264183|39466|76900|E
3659264186|45109|87900|E
3659267416|18924|38900|E
3659269082|13834|27900|E
3659269582|42543|82898|E
3659269583|42031|81900|E
3659270354|15281|30900|E
3659270444|56319|109900|E
3659270978|41005|79900|E
3659270980|28634|61900|E
3659270983|46889|91367|E
3659270987|40492|78900|E
3659271182|16029|31566|E
3659271234|22478|43900|E
3659271348|21496|41900|E
3659271911|38952|75898|M
3659272104|22990|44900|E
3659272196|18924|38900|E
3659272209|22990|44900|E
3659272473|54270|105900|E
3659272833|35875|69900|E
3659273004|45109|87900|E
3659273008|15508|30900|E
3659273021|55024|107372|E
3659273281|24525|47900|E
3659273470|37927|73900|E
3659273569|40492|78900|E
3659273665|48816|105900|E
3659273914|24525|47899|M
3659274427|42162|82156|E
3659274444|56319|109900|E
3659274852|50660|109900|E
3659276447|24525|47900|E
3659276465|38953|75900|E
3659277258|42162|82156|E
3659278196|36901|71900|E
3659278742|44071|85874|E
3659278750|52601|114114|E
3659278929|42544|82900|E
3659279030|29213|56900|E
3659279175|24525|47900|E
3659280260|37927|73900|E
3659280329|58072|113321|E
3659280377|45109|87900|E
3659280545|44355|95898|M
3659280578|39979|77900|E
3659280587|15213|30900|E
3659280591|64340|125554|E
3659280827|45109|87900|E
3659281291|38952|75898|M
3659281507|61409|119834|E
3659281768|64340|125554|E
3659281775|26589|51813|E
3659282911|48189|93900|E
3659282912|41413|80695|E
3659283519|10975|21900|E
3659283520|36901|71900|E
3659283803|38953|75900|E
3659284050|54270|105900|E
3659284159|48189|93900|E
3659284512|55294|107900|E
3659284516|28692|55900|E
3659284517|49727|96900|E
3659285197|54270|105900|E
3659285518|37238|72573|E
3659285521|49727|96900|E
3659286507|35875|69900|E
3659287265|61409|119834|E
3659287350|41413|80695|E
3659287352|56319|109900|E
3659287354|46649|90900|E
3659287627|61409|119834|E
3659287634|16428|32377|E
3659287904|38953|75900|E
3659287905|38953|75900|E
3659287910|54270|105900|E
3659288205|41413|80695|E
3659289973|47675|92900|E
3659291660|21496|41900|E
3659292589|55294|107900|E
3659292807|42544|82900|E
3659292814|34848|67900|E
3659292878|44817|96898|M
3659293049|22990|44900|E
3659293050|10994|21900|E
3659293466|45109|87900|E
3659293721|25181|54900|E
3659293722|18924|38900|E
3659294068|49214|95900|E
3659294069|9594|19018|E
3659294150|40492|78900|E
3659294532|38953|75900|E
3659294926|38953|75900|E
3659294998|37927|73900|E
3659295000|61409|119834|E
3659295001|45109|87900|E
3659295193|61409|119834|E
3659295594|39466|76900|E
3659295939|34848|67900|E
3659295942|54270|105900|E
3659295944|24434|47900|E
3659296127|44084|85900|E
3659296256|41005|79900|E
3659297548|15197|30730|M
3659298852|26191|51900|E
3659298894|26144|50900|E
3659301589|10994|21900|E
3659302010|15508|30900|E
3659302660|21496|41900|E
3659302793|22072|43900|E
3659304847|49727|96900|E
3659306234|24434|47900|E
3659307398|47680|92910|E
3659313049|22274|43403|E
3679101279|36901|71900|E
3679101282|44071|85874|E
3679101285|44084|85900|E
3679101288|38953|75899|M
3679101293|46649|90900|E
3679101297|33309|64900|E
3679101298|29865|58186|E
3679101301|33257|71898|M
3679101304|33309|64900|E
3679101305|31770|61900|E
3679101310|38942|75878|E
3679101311|36901|71900|E
3679101312|36901|71900|E
3679101313|36901|71900|E
3679101319|44071|85874|E
3679101322|38953|75900|E
3679101325|46649|90900|E
3679101332|36901|71900|E
3679101340|36900|71899|M
3679101346|56319|109900|E
3679101352|44084|85900|E
3679101359|33258|71900|E
3679101366|64340|125554|E
3679101367|73132|142714|E
3679101372|34336|66900|E
3679101374|49214|95900|E
3679101377|33309|64900|E
3679101378|37927|73900|E
3679101379|31770|61900|E
3679101381|46649|90900|E
3679101382|39979|77900|E
3679101384|44084|85900|E
3679101388|64340|125554|E
3679101390|46206|99900|E
3679101393|42544|82900|E
3679101402|38953|75900|E
3679101416|48816|105900|E
3679101418|36901|71900|E
3679101423|36901|71900|E
3679101425|36901|71900|E
3679101426|36901|71900|E
3679101428|37927|73900|E
3679101431|38953|75900|E
3679101433|38953|75900|E
3679101434|41005|79900|E
3679101435|33309|64900|E
3679101441|34336|66900|E
3679101443|38953|75900|E
3679101444|36901|71900|E
3679101447|34848|67900|E
3679101448|46649|90900|E
3679101450|46649|90900|E
3679101453|33309|64900|E
3679101456|34336|66900|E
3679101460|36901|71900|E
3679101461|36018|70180|E
3685356928|47675|92900|E
3692136913|31770|61900|E
3692136919|31770|61900|E
3692136921|42031|81900|E
3692136922|36388|70900|E
3692136929|31770|61900|E
3692136935|36388|70900|E
3692136947|36901|71900|E
3692136956|36388|70900|E
3692136957|42031|81900|E
3692136970|31770|61900|E
3692136975|31770|61900|E
3692136978|42031|81900|E
3692136979|36901|71900|E
3692136985|42031|81900|E
3692136986|42031|81900|E
3692136988|42031|81900|E
3692136993|31770|61900|E
3692136996|42031|81900|E
3692136998|36901|71900|E
3692137005|42031|81900|E
3692274900|22990|44900|E
3692274901|22990|44900|E
3692274903|24525|47900|E
3692274906|26640|51900|E
3692274907|22072|43900|E
3692274908|18924|38900|E
3692274912|18924|38900|E
3692274913|24525|47900|E
3692274918|24525|47900|E
3692274922|22072|43900|E
3692274927|18924|38900|E
3692274928|24525|47900|E
3692274929|26639|51898|M
3692274934|21496|41900|E
3692274937|26640|51900|E
3692274940|26639|51898|M
3692274945|26640|51900|E
3692274946|22478|43900|E
3692274954|22072|43900|E
3692274958|22990|44900|E
3692274965|22072|43900|E
3692274968|24525|47900|E
3692274975|24525|47900|E
3692274977|22990|44900|E
3692274978|22072|43900|E
3692274988|26640|51900|E
3692274992|22072|43900|E
3692274993|24525|47900|E
3692274995|22072|43900|E
3692275000|22478|43900|E
3692275002|22478|43900|E
3692275006|22274|43403|E
3692275011|24525|47900|E
3692275012|22990|44900|E
3692275015|24525|47900|E
3692275020|24525|47900|E
3692275022|18924|38900|E
3692275026|21496|41899|M
3692275029|21496|41900|E
3692275044|24525|47900|E
3692275046|26640|51900|E
3692275054|22072|43900|E
3692275058|22072|43900|E
3692275059|24525|47900|E
3692275064|22478|43900|E
3692275065|26640|51900|E
3692275066|25398|54900|E
3692275077|26640|51900|E
3692275078|22072|43900|E
3692275083|24525|47900|E
3692275091|22072|43900|E
3692275093|21062|41060|E
3692275097|22478|43900|E
3698577145|38612|76900|E
3698658403|40687|81900|E
3875994277|62467|121898|M
3875994318|56189|121898|M
3875994357|56189|121898|M
3875994365|56189|121899|M
3875994422|62467|121898|E
3959300884|15045|30900|E
3959300961|15505|35611|E
3985286684|20053|39900|E
3985286687|20053|39900|E
3985286722|20053|39900|E
3985286755|20053|39900|E
3985286757|20053|39900|E
3985286768|20053|39900|E
3985286773|20053|39900|E
3985286805|19970|39900|E
3985286830|20053|39900|E
3985286876|20053|39900|E
3985286923|20053|39900|E
3985286983|21105|45900|E
3985286987|20098|39990|E
3985287011|20053|39900|E
3985287082|20053|39900|E
3985287096|20053|39900|E
3999521837|87572|170898|E
3999521849|101406|197900|E
3999521945|101406|197900|E
4387396020|47640|95900|E
4387396044|47640|95900|E
4387396255|47640|95900|E
5249275917|26640|51900|E
5249275919|26640|51900|E
5249275920|28692|55900|E
5249276018|28692|55900|E
5249276039|24010|51900|E
5249276040|28692|55900|E
5722528980|61443|119900|E
5722528984|61443|119900|E
5722528985|61443|119900|E
5722528996|61443|119900|E
5722529002|67591|131900|E
5722529009|72715|141900|E
5722529013|61443|119900|E
5722529027|72715|141900|E
5722529032|72715|141900|E
5722529033|67591|131900|E
5722529037|67591|131900|E
5722529053|71178|138900|E
5722529055|76813|149900|E
5722529060|71178|138900|E
5722529113|76813|149900|E
5738352798|63493|123900|E
5738352847|50754|98900|E
5738352948|63493|123900|E
5738353038|54270|105900|E
5738353427|50753|98899|M
5738353437|54270|105900|E
5738353638|54270|105900|E
5738353686|50754|98900|E
5738353786|63493|123900|E
5910747982|56189|121898|M
5931393928|37420|80900|M
5931394010|37420|80900|M
5931394027|37420|80900|M
6149640227|43893|94900|E
6149663629|43893|94900|E
6149663645|43893|94900|E
